9 0.335938 0.927344 0.321875 0.922656 0.312500 0.908594 0.290625 0.907031 0.282031 0.898438 0.276562 0.875781 0.257812 0.877344 0.246875 0.871094 0.234375 0.847656 0.215625 0.842969 0.203906 0.831250 0.197656 0.809375 0.174219 0.796875 0.164844 0.759375 0.141406 0.743750 0.133594 0.712500 0.113281 0.700000 0.111719 0.665625 0.094531 0.654687 0.099219 0.615625 0.086719 0.604688 0.092969 0.570312 0.085156 0.554688 0.094531 0.529687 0.091406 0.512500 0.102344 0.482812 0.102344 0.464062 0.117969 0.426563 0.117969 0.409375 0.135156 0.373437 0.138281 0.346875 0.152344 0.318750 0.150781 0.303125 0.167969 0.270313 0.171094 0.243750 0.191406 0.221875 0.196094 0.201563 0.218750 0.191406 0.229687 0.169531 0.248438 0.172656 0.257812 0.163281 0.264062 0.163281 0.283594 0.184375 0.292187 0.213281 0.296094 0.193750 0.307031 0.185938 0.313281 0.171875 0.325000 0.161719 0.334375 0.161719 0.353125 0.139844 0.365625 0.135156 0.379688 0.141406 0.404687 0.130469 0.414062 0.133594 0.425000 0.146094 0.443750 0.146094 0.448437 0.161719 0.468750 0.166406 0.475781 0.176563 0.477344 0.195312 0.510938 0.211719 0.518750 0.233594 0.551562 0.241406 0.559375 0.258594 0.582812 0.267969 0.586719 0.289062 0.616406 0.314063 0.607031 0.343750 0.633594 0.373437 0.635156 0.381250 0.619531 0.404687 0.633594 0.417187 0.638281 0.429688 0.633594 0.440625 0.619531 0.451562 0.633594 0.492188 0.619531 0.506250 0.617969 0.514062 0.635156 0.550000 0.633594 0.567187 0.622656 0.581250 0.641406 0.615625 0.641406 0.625000 0.630469 0.640625 0.647656 0.671875 0.641406 0.692187 0.652344 0.712500 0.652344 0.723437 0.638281 0.735938 0.641406 0.765625 0.619531 0.776563 0.624219 0.814063 0.608594 0.823438 0.603906 0.842187 0.592187 0.846094 0.582812 0.857031 0.556250 0.863281 0.535937 0.853906 0.496875 0.853906 0.457813 0.867969 0.350000 0.924219 
0 0.225000 0.360156 0.215625 0.360156 0.214062 0.358594 0.212500 0.358594 0.211719 0.357812 0.211719 0.356250 0.210156 0.354687 0.211719 0.353125 0.211719 0.350000 0.217188 0.344531 0.218750 0.344531 0.220312 0.342969 0.225000 0.342969 0.228906 0.346875 0.228906 0.353125 0.227344 0.354687 0.227344 0.356250 0.225781 0.357812 0.225781 0.359375 
0 0.242188 0.392969 0.234375 0.392969 0.233594 0.392188 0.233594 0.384375 0.235937 0.382031 0.237500 0.382031 0.239063 0.380469 0.246875 0.380469 0.249219 0.382812 0.249219 0.384375 0.250781 0.385937 0.249219 0.387500 0.249219 0.389062 0.248438 0.389844 0.246875 0.389844 0.245312 0.391406 0.243750 0.391406 
0 0.221875 0.422656 0.215625 0.422656 0.214844 0.421875 0.214844 0.420312 0.213281 0.418750 0.213281 0.417187 0.217188 0.413281 0.221875 0.413281 0.225781 0.417187 0.224219 0.418750 0.224219 0.420312 
0 0.268750 0.474219 0.264062 0.474219 0.261719 0.471875 0.261719 0.467187 0.264062 0.464844 0.267188 0.464844 0.268750 0.466406 0.270313 0.466406 0.271094 0.467187 0.271094 0.468750 0.272656 0.470313 0.272656 0.471875 0.271875 0.472656 0.270313 0.472656 
0 0.596875 0.550781 0.585938 0.550781 0.582031 0.546875 0.582031 0.540625 0.587500 0.535156 0.593750 0.535156 0.596875 0.538281 0.598437 0.538281 0.599219 0.539062 0.599219 0.540625 0.600781 0.542188 0.600781 0.546875 
0 0.579688 0.652344 0.570312 0.652344 0.566406 0.648438 0.566406 0.645312 0.564844 0.643750 0.568750 0.639844 0.570312 0.639844 0.571875 0.638281 0.575000 0.638281 0.576562 0.639844 0.578125 0.639844 0.580469 0.642188 0.580469 0.643750 0.582031 0.645312 0.582031 0.650000 
0 0.414397 0.155817 0.410855 0.163689 0.417939 0.166444 0.421481 0.159753 
0 0.520464 0.535978 0.528960 0.544105 0.532284 0.538933 0.524527 0.533392 
0 0.532284 0.387116 0.527113 0.391918 0.537086 0.397089 0.540780 0.388224 
0 0.519153 0.778730 0.517893 0.788180 0.528604 0.788810 0.530494 0.781250 0.525454 0.780620 
0 0.102539 0.549805 0.103516 0.565430 0.114258 0.564453 0.114258 0.550781 
