0 0.394219 0.187031 0.390313 0.186406 0.386719 0.182812 0.386719 0.181250 0.388281 0.179688 0.388281 0.178125 0.390625 0.175781 0.398438 0.175781 0.400781 0.178125 0.400781 0.184375 0.398438 0.186719 0.396719 0.187031 
0 0.546875 0.347656 0.535677 0.347281 0.532813 0.346094 0.529687 0.346094 0.528906 0.345313 0.528906 0.342187 0.527344 0.340625 0.527344 0.326562 0.528906 0.325000 0.528906 0.323437 0.530469 0.321875 0.530469 0.320312 0.532813 0.317969 0.535937 0.317969 0.537500 0.316406 0.545312 0.316406 0.546875 0.317969 0.550000 0.317969 0.555469 0.323437 0.555469 0.334375 0.553906 0.335938 0.553906 0.339062 0.549219 0.343750 0.549219 0.345313 
0 0.659375 0.425781 0.646875 0.425781 0.643750 0.422656 0.642188 0.422656 0.641406 0.421875 0.641406 0.420312 0.638281 0.417187 0.638281 0.407813 0.642188 0.403906 0.650000 0.403906 0.651563 0.405469 0.653125 0.405469 0.654687 0.407031 0.656250 0.407031 0.661719 0.412500 0.661719 0.423438 
0 0.550000 0.436719 0.543750 0.436719 0.542188 0.435156 0.540625 0.435156 0.538281 0.432812 0.538281 0.431250 0.536719 0.429688 0.536719 0.428125 0.538281 0.426563 0.538281 0.425000 0.540625 0.422656 0.548438 0.422656 0.552344 0.426563 0.552344 0.434375 
0 0.415625 0.441406 0.412500 0.441406 0.410938 0.439844 0.409375 0.439844 0.407813 0.438281 0.406250 0.438281 0.400781 0.432812 0.400781 0.431250 0.399219 0.429688 0.399219 0.425000 0.400781 0.423438 0.400781 0.420312 0.401562 0.419531 0.404687 0.419531 0.406250 0.417969 0.414062 0.417969 0.415625 0.419531 0.417187 0.419531 0.418750 0.421094 0.420312 0.421094 0.422656 0.423438 0.422656 0.425000 0.425781 0.428125 0.425781 0.435937 0.425000 0.436719 0.423438 0.436719 0.421875 0.438281 0.420312 0.438281 0.418750 0.439844 0.417187 0.439844 
0 0.398438 0.413281 0.389062 0.413281 0.387500 0.411719 0.385937 0.411719 0.384375 0.410156 0.382812 0.410156 0.382031 0.409375 0.382031 0.407813 0.380469 0.406250 0.380469 0.403125 0.378906 0.401562 0.380469 0.400000 0.380469 0.398438 0.383594 0.395313 0.383594 0.393750 0.385937 0.391406 0.390625 0.391406 0.392188 0.392969 0.393750 0.392969 0.403906 0.403125 0.403906 0.409375 0.401562 0.411719 0.400000 0.411719 
0 0.528125 0.485156 0.525000 0.485156 0.517969 0.478125 0.517969 0.475000 0.518750 0.474219 0.520312 0.474219 0.521875 0.472656 0.525000 0.472656 0.526563 0.474219 0.528125 0.474219 0.532031 0.478125 0.532031 0.479687 0.530469 0.481250 0.530469 0.482812 
0 0.504687 0.521094 0.501563 0.521094 0.500000 0.519531 0.496875 0.519531 0.494531 0.517188 0.494531 0.515625 0.492969 0.514062 0.492969 0.510938 0.494531 0.509375 0.494531 0.507812 0.495312 0.507031 0.500000 0.507031 0.501563 0.508594 0.503125 0.508594 0.508594 0.514062 0.508594 0.518750 0.507812 0.519531 0.506250 0.519531 
0 0.270313 0.502344 0.264062 0.502344 0.260156 0.498437 0.260156 0.493750 0.264062 0.489844 0.270313 0.489844 0.272656 0.492188 0.272656 0.493750 0.274219 0.495312 0.274219 0.496875 0.272656 0.498437 0.272656 0.500000 
0 0.253125 0.510156 0.248438 0.510156 0.246094 0.507812 0.246094 0.504687 0.248438 0.502344 0.253125 0.502344 0.255469 0.504687 0.255469 0.507812 
7 0.428125 0.580469 0.306250 0.572656 0.250000 0.549219 0.214062 0.539844 0.150000 0.510156 0.087500 0.455469 0.056205 0.422662 0.051147 0.413669 0.093862 0.388377 0.114062 0.388281 0.143750 0.374219 0.178906 0.335938 0.194531 0.295312 0.189844 0.243750 0.175781 0.206250 0.170301 0.190535 0.290625 0.158594 0.353125 0.147656 0.467187 0.147656 0.528125 0.166406 0.582812 0.191406 0.664062 0.242969 0.724219 0.298438 0.800922 0.393997 0.813849 0.415355 0.800922 0.415917 0.760938 0.419531 0.671875 0.447656 0.484375 0.563281 
