10 0.365625 0.794531 0.353125 0.794531 0.331250 0.788281 0.321094 0.776563 0.314063 0.761719 0.295312 0.749219 0.270313 0.753906 0.259375 0.746094 0.249219 0.732812 0.247656 0.704688 0.238281 0.696875 0.228906 0.676562 0.224219 0.657813 0.224219 0.640625 0.228906 0.623437 0.225781 0.585938 0.232031 0.534375 0.241406 0.517188 0.238281 0.501563 0.239844 0.484375 0.261719 0.454688 0.281250 0.441406 0.289062 0.432031 0.296875 0.427344 0.312500 0.424219 0.326562 0.413281 0.343750 0.408594 0.390625 0.357031 0.393750 0.357031 0.404687 0.344531 0.409375 0.346094 0.414844 0.342187 0.411719 0.339062 0.420312 0.330469 0.424219 0.334375 0.420312 0.338281 0.417187 0.336719 0.416406 0.340625 0.421875 0.344531 0.425000 0.344531 0.435156 0.334375 0.434375 0.328906 0.439063 0.336719 0.446875 0.330469 0.459375 0.330469 0.462500 0.335156 0.475000 0.338281 0.483594 0.350000 0.489063 0.369531 0.492188 0.369531 0.498437 0.361719 0.506250 0.360156 0.510938 0.363281 0.515625 0.361719 0.518750 0.367969 0.519531 0.360938 0.532813 0.350781 0.553125 0.352344 0.572656 0.385937 0.610156 0.414062 0.617969 0.434375 0.619531 0.448437 0.614844 0.489063 0.621094 0.509375 0.608594 0.551562 0.600781 0.607812 0.591406 0.621875 0.586719 0.648438 0.580469 0.657813 0.578906 0.667188 0.555469 0.700000 0.539844 0.729688 0.521875 0.749219 0.506250 0.753906 0.476562 0.774219 0.457813 0.782031 0.451562 0.782031 0.435937 0.791406 0.393750 0.788281 
2 0.585938 0.535156 0.579688 0.535156 0.578906 0.534375 0.578906 0.532813 0.577344 0.531250 0.577344 0.528125 0.578906 0.526563 0.578906 0.518750 0.582812 0.514844 0.589063 0.514844 0.589844 0.515625 0.589844 0.517188 0.591406 0.518750 0.591406 0.529687 0.589844 0.531250 0.589844 0.532813 0.589063 0.533594 0.587500 0.533594 
2 0.390625 0.483594 0.385156 0.478125 0.385156 0.471875 0.385937 0.471094 0.393750 0.471094 0.395313 0.469531 0.396875 0.469531 0.400000 0.466406 0.401562 0.466406 0.415625 0.452344 0.417187 0.452344 0.417969 0.453125 0.417969 0.456250 0.416406 0.457813 0.416406 0.459375 0.414844 0.460938 0.414844 0.462500 0.413281 0.464062 0.413281 0.467187 0.411719 0.468750 0.411719 0.470313 0.410156 0.471875 0.410156 0.473438 0.408594 0.475000 0.408594 0.476562 0.404687 0.480469 0.400000 0.480469 0.398438 0.482031 0.392188 0.482031 
2 0.328549 0.510464 0.310874 0.518241 0.316530 0.531674 0.326428 0.542986 0.342689 0.531674 0.339154 0.514706 
2 0.406461 0.542124 0.397487 0.552154 0.403294 0.557960 0.412796 0.561128 0.414379 0.549514 
2 0.576436 0.416491 0.569573 0.425992 0.583826 0.433910 0.598079 0.431271 0.598079 0.423353 0.590688 0.417546 
2 0.468222 0.671981 0.462416 0.687817 0.470334 0.692568 0.481419 0.690984 0.488281 0.677787 
2 0.552154 0.683066 0.534734 0.685705 0.536845 0.700486 0.557960 0.695735 0.558488 0.690984 0.561655 0.687289 
2 0.436022 0.623416 0.429688 0.630807 0.444468 0.630279 0.450802 0.624472 
2 0.553737 0.598079 0.552154 0.603357 0.560072 0.610220 0.570101 0.599134 0.558488 0.594383 
2 0.458193 0.508868 0.444996 0.507285 0.448163 0.519954 0.458720 0.522593 0.463471 0.519954 0.465055 0.513091 
2 0.287690 0.646643 0.273965 0.645587 0.275021 0.652977 0.281883 0.657728 0.294552 0.652449 0.291913 0.642948 
2 0.361064 0.616554 0.349451 0.623944 0.355258 0.629223 0.366871 0.629751 0.378484 0.627639 0.391681 0.631862 0.394320 0.633446 0.395376 0.623944 0.387458 0.620777 
2 0.407517 0.629223 0.398543 0.630279 0.403822 0.641892 0.409628 0.642948 0.410684 0.636085 
2 0.324113 0.595439 0.311972 0.595967 0.315139 0.606524 0.322530 0.609164 0.326753 0.603885 
2 0.296136 0.597551 0.291913 0.592272 0.286106 0.594383 0.282939 0.598606 0.281356 0.602829 0.297720 0.605997 0.301415 0.606524 
2 0.285051 0.523121 0.276077 0.530511 0.273438 0.537373 0.290857 0.540541 0.290857 0.533150 0.287690 0.528927 
2 0.389041 0.502534 0.381651 0.510452 0.388514 0.514675 0.395376 0.508340 
2 0.503255 0.462158 0.498372 0.479655 0.509766 0.483724 0.518717 0.479655 0.520752 0.468262 0.515055 0.461751 
