0 0.500000 0.246094 0.495312 0.246094 0.493750 0.244531 0.490625 0.244531 0.488281 0.242188 0.488281 0.239063 0.486719 0.237500 0.486719 0.234375 0.492188 0.228906 0.501563 0.228906 0.503125 0.230469 0.504687 0.230469 0.508594 0.234375 0.508594 0.240625 0.504687 0.244531 0.501563 0.244531 
0 0.414062 0.127344 0.404687 0.127344 0.399219 0.121875 0.399219 0.112500 0.401562 0.110156 0.403125 0.110156 0.404687 0.108594 0.409375 0.108594 0.410938 0.110156 0.412500 0.110156 0.414062 0.111719 0.415625 0.111719 0.417969 0.114062 0.417969 0.115625 0.419531 0.117188 0.419531 0.120313 0.416406 0.123438 0.416406 0.125000 
0 0.496875 0.096094 0.493750 0.096094 0.489844 0.092188 0.489844 0.085938 0.491406 0.084375 0.491406 0.082812 0.493750 0.080469 0.498437 0.080469 0.500781 0.082812 0.500781 0.085938 0.502344 0.087500 0.502344 0.089063 0.500781 0.090625 0.500781 0.092188 
0 0.304688 0.189844 0.298438 0.189844 0.296094 0.187500 0.296094 0.185938 0.294531 0.184375 0.294531 0.181250 0.298438 0.177344 0.301563 0.177344 0.303125 0.178906 0.304688 0.178906 0.305469 0.179688 0.305469 0.181250 0.307031 0.182812 0.307031 0.185938 0.305469 0.187500 0.305469 0.189062 
0 0.414062 0.228906 0.407813 0.228906 0.407031 0.228125 0.407031 0.226562 0.405469 0.225000 0.407031 0.223438 0.407031 0.220312 0.409375 0.217969 0.410938 0.217969 0.412500 0.216406 0.417187 0.216406 0.419531 0.218750 0.419531 0.223438 
0 0.473438 0.269531 0.467187 0.269531 0.463281 0.265625 0.463281 0.259375 0.465625 0.257031 0.475000 0.257031 0.475781 0.257812 0.475781 0.259375 0.477344 0.260937 0.477344 0.264062 0.475781 0.265625 0.475781 0.267188 
0 0.451562 0.421094 0.450000 0.421094 0.448437 0.419531 0.446875 0.419531 0.442969 0.415625 0.442969 0.410938 0.446875 0.407031 0.453125 0.407031 0.455469 0.409375 0.455469 0.410938 0.457031 0.412500 0.457031 0.414062 0.455469 0.415625 0.455469 0.417187 
0 0.570312 0.422656 0.568750 0.422656 0.567187 0.421094 0.565625 0.421094 0.564063 0.419531 0.562500 0.419531 0.560156 0.417187 0.560156 0.415625 0.558594 0.414062 0.558594 0.410938 0.560156 0.409375 0.560156 0.407813 0.562500 0.405469 0.568750 0.405469 0.570312 0.407031 0.571875 0.407031 0.574219 0.409375 0.574219 0.410938 0.575781 0.412500 0.575781 0.418750 0.573438 0.421094 0.571875 0.421094 
0 0.334375 0.400781 0.331250 0.400781 0.327344 0.396875 0.327344 0.393750 0.331250 0.389844 0.335938 0.389844 0.338281 0.392188 0.338281 0.396875 
7 0.367188 0.692969 0.360156 0.692187 0.360156 0.684375 0.374219 0.656250 0.378906 0.614062 0.374219 0.590625 0.356250 0.564844 0.335938 0.552344 0.306250 0.544531 0.282813 0.546094 0.243750 0.539844 0.185938 0.542969 0.182031 0.539062 0.175781 0.509375 0.160156 0.476562 0.155469 0.442188 0.164844 0.362500 0.175781 0.318750 0.197656 0.270313 0.242969 0.209375 0.307812 0.141406 0.345313 0.111719 0.401562 0.080469 0.448437 0.071094 0.501563 0.072656 0.508594 0.079687 0.517969 0.137500 0.583594 0.245312 0.599219 0.290625 0.597656 0.357812 0.580469 0.440625 0.577344 0.478125 0.571094 0.498437 0.553906 0.529687 0.517969 0.565625 0.491406 0.607812 0.463281 0.631250 0.460156 0.646875 0.453906 0.654687 0.437500 0.664844 0.417187 0.669531 
7 0.114062 0.560156 0.103125 0.560156 0.101562 0.558594 0.089063 0.555469 0.081250 0.549219 0.075000 0.547656 0.067187 0.541406 0.054688 0.535156 0.052344 0.532813 0.053906 0.531250 0.050000 0.527344 0.043750 0.527344 0.040625 0.525781 0.039844 0.523438 0.034375 0.517969 0.029687 0.522656 0.028125 0.522656 0.027344 0.517188 0.028906 0.514062 0.021875 0.510156 0.018750 0.505469 0.016406 0.506250 0.016406 0.510938 0.014063 0.513281 0.003906 0.510938 0.003906 0.509375 0.007031 0.506250 0.003906 0.503125 0.006250 0.500781 0.009375 0.500781 0.010156 0.498437 0.003906 0.492188 0.003906 0.490625 0.000781 0.489063 0.000781 0.465625 0.003906 0.464062 0.003906 0.460938 0.007031 0.457813 0.007031 0.454688 0.011719 0.450000 0.016406 0.439063 0.019531 0.435937 0.022656 0.429688 0.022656 0.426563 0.027344 0.418750 0.027344 0.415625 0.032031 0.406250 0.035156 0.403125 0.039844 0.385937 0.044531 0.376563 0.050781 0.368750 0.055469 0.359375 0.062500 0.352344 0.067187 0.352344 0.070312 0.353906 0.080469 0.362500 0.080469 0.365625 0.086719 0.370312 0.086719 0.371875 0.103906 0.390625 0.103906 0.392188 0.127344 0.421875 0.130469 0.428125 0.135156 0.432812 0.141406 0.443750 0.141406 0.448437 0.142969 0.451562 0.147656 0.456250 0.152344 0.467187 0.157031 0.473438 0.158594 0.481250 0.163281 0.485938 0.167969 0.496875 0.171094 0.500000 0.174219 0.506250 0.174219 0.512500 0.178906 0.521875 0.178906 0.528125 0.180469 0.529687 0.182031 0.542188 0.176563 0.547656 0.173437 0.547656 0.171875 0.549219 0.159375 0.549219 0.157812 0.550781 0.150000 0.550781 0.148438 0.552344 0.134375 0.553906 0.132812 0.555469 0.128125 0.555469 0.126562 0.557031 0.121875 0.557031 0.120313 0.558594 0.115625 0.558594 
