0 0.618750 0.246094 0.604688 0.246094 0.603125 0.244531 0.601562 0.244531 0.597656 0.240625 0.597656 0.239063 0.596094 0.237500 0.596094 0.228125 0.597656 0.226562 0.597656 0.225000 0.599219 0.223438 0.599219 0.221875 0.600000 0.221094 0.601562 0.221094 0.603125 0.219531 0.604688 0.219531 0.606250 0.217969 0.614062 0.217969 0.615625 0.216406 0.617188 0.217969 0.618750 0.217969 0.619531 0.218750 0.619531 0.221875 0.621094 0.223438 0.621094 0.228125 0.622656 0.229687 0.622656 0.239063 0.621094 0.240625 0.621094 0.243750 
0 0.568750 0.135156 0.565625 0.135156 0.564063 0.133594 0.560937 0.133594 0.559375 0.132031 0.557813 0.132031 0.555469 0.129688 0.555469 0.128125 0.552344 0.125000 0.552344 0.115625 0.553906 0.114062 0.553906 0.110937 0.560937 0.103906 0.562500 0.103906 0.564063 0.102344 0.573438 0.102344 0.575000 0.103906 0.576562 0.103906 0.580469 0.107813 0.580469 0.109375 0.582031 0.110937 0.582031 0.117188 0.583594 0.118750 0.582031 0.120313 0.582031 0.123438 0.580469 0.125000 0.580469 0.126562 0.575000 0.132031 0.573438 0.132031 0.571875 0.133594 0.570312 0.133594 
0 0.571875 0.341406 0.564063 0.341406 0.558594 0.335938 0.558594 0.329688 0.562500 0.325781 0.564063 0.325781 0.565625 0.324219 0.571875 0.324219 0.575781 0.328125 0.575781 0.329688 0.577344 0.331250 0.575781 0.332813 0.575781 0.337500 
0 0.548438 0.660156 0.542188 0.660156 0.540625 0.658594 0.539062 0.658594 0.533594 0.653125 0.533594 0.651563 0.532031 0.650000 0.532031 0.648438 0.530469 0.646875 0.532031 0.645312 0.532031 0.642188 0.533594 0.640625 0.533594 0.637500 0.537500 0.633594 0.539062 0.633594 0.540625 0.632031 0.545312 0.632031 0.546875 0.633594 0.548438 0.633594 0.550000 0.635156 0.551562 0.635156 0.553906 0.637500 0.553906 0.639062 0.555469 0.640625 0.555469 0.653125 
0 0.648438 0.625781 0.645312 0.625781 0.635156 0.615625 0.635156 0.607812 0.636719 0.606250 0.636719 0.604688 0.637500 0.603906 0.639062 0.603906 0.640625 0.602344 0.642188 0.602344 0.643750 0.600781 0.645312 0.600781 0.646875 0.599219 0.656250 0.599219 0.661719 0.604688 0.660156 0.606250 0.660156 0.610938 0.658594 0.612500 0.658594 0.614062 0.657031 0.615625 0.657031 0.617188 0.655469 0.618750 0.655469 0.620313 0.651563 0.624219 0.650000 0.624219 
0 0.487500 0.600781 0.479687 0.600781 0.478125 0.599219 0.476562 0.599219 0.472656 0.595313 0.472656 0.593750 0.471094 0.592187 0.471094 0.589063 0.469531 0.587500 0.471094 0.585938 0.471094 0.581250 0.472656 0.579688 0.472656 0.578125 0.475000 0.575781 0.476562 0.575781 0.478125 0.574219 0.489063 0.574219 0.490625 0.575781 0.492188 0.575781 0.496094 0.579688 0.496094 0.581250 0.497656 0.582812 0.497656 0.590625 0.496094 0.592187 0.496094 0.593750 0.490625 0.599219 0.489063 0.599219 
0 0.484375 0.503906 0.473438 0.503906 0.467969 0.498437 0.467969 0.487500 0.470313 0.485156 0.471875 0.485156 0.473438 0.483594 0.476562 0.483594 0.478125 0.482031 0.481250 0.482031 0.482812 0.483594 0.484375 0.483594 0.485938 0.485156 0.487500 0.485156 0.488281 0.485938 0.488281 0.487500 0.489844 0.489063 0.489844 0.496875 0.488281 0.498437 0.488281 0.500000 
0 0.704688 0.571094 0.701562 0.571094 0.694531 0.564063 0.694531 0.553125 0.696094 0.551562 0.696094 0.550000 0.700000 0.546094 0.703125 0.546094 0.704688 0.544531 0.707031 0.546875 0.707031 0.554688 0.708594 0.556250 0.708594 0.565625 0.705469 0.568750 0.705469 0.570312 
0 0.250000 0.499219 0.240625 0.499219 0.236719 0.495312 0.236719 0.493750 0.235156 0.492188 0.235156 0.484375 0.238281 0.481250 0.238281 0.479687 0.239063 0.478906 0.240625 0.478906 0.242188 0.477344 0.248438 0.477344 0.250000 0.478906 0.251563 0.478906 0.253906 0.481250 0.253906 0.484375 0.255469 0.485938 0.255469 0.492188 0.253906 0.493750 0.253906 0.495312 
0 0.206250 0.539844 0.201563 0.539844 0.199219 0.537500 0.199219 0.534375 0.197656 0.532813 0.197656 0.528125 0.199219 0.526563 0.199219 0.525000 0.201563 0.522656 0.207813 0.522656 0.213281 0.528125 0.213281 0.534375 0.209375 0.538281 0.207813 0.538281 
7 0.634375 0.747656 0.601562 0.744531 0.573438 0.705469 0.551562 0.691406 0.507812 0.675781 0.451562 0.672656 0.401562 0.694531 0.396094 0.667188 0.380469 0.635938 0.374219 0.581250 0.361719 0.529687 0.360156 0.437500 0.349219 0.323437 0.357031 0.210938 0.372656 0.162500 0.411719 0.085938 0.453125 0.039844 0.493750 0.050781 0.531250 0.050781 0.568750 0.038281 0.662500 0.085156 0.675781 0.095312 0.689844 0.128125 0.719531 0.165625 0.736719 0.215625 0.741406 0.240625 0.739844 0.337500 0.710156 0.526563 0.696094 0.554688 0.696094 0.565625 0.703906 0.575000 0.697656 0.617188 0.649219 0.740625 
7 0.378125 0.644531 0.370312 0.641406 0.357812 0.630469 0.339062 0.622656 0.303125 0.619531 0.300000 0.611719 0.299219 0.618750 0.293750 0.621094 0.259375 0.624219 0.246875 0.622656 0.239063 0.616406 0.198437 0.597656 0.189844 0.585938 0.192969 0.562500 0.191406 0.550000 0.197656 0.515625 0.217969 0.467187 0.217969 0.457813 0.235156 0.432812 0.233594 0.428125 0.237500 0.427344 0.242969 0.420312 0.241406 0.410938 0.238281 0.369688 0.252188 0.402500 0.252188 0.420312 0.253594 0.421094 0.257031 0.421875 0.252344 0.345313 0.253906 0.321875 0.263281 0.287500 0.288281 0.245312 0.312500 0.219531 0.325000 0.211719 0.339062 0.208594 0.350000 0.202344 0.357031 0.204687 0.353906 0.215625 0.347656 0.326562 0.353906 0.387500 0.353906 0.412500 0.358594 0.439063 0.358594 0.517188 0.363281 0.550000 0.360156 0.556250 0.366406 0.562500 0.372656 0.585938 
7 0.815625 0.749219 0.693750 0.749219 0.692969 0.742188 0.707031 0.714063 0.707031 0.710938 0.708594 0.709375 0.708594 0.706250 0.710156 0.704688 0.710156 0.701562 0.713281 0.695312 0.716406 0.692187 0.719531 0.684375 0.722656 0.681250 0.724219 0.676562 0.727344 0.673438 0.732031 0.664062 0.736719 0.659375 0.736719 0.657813 0.762500 0.635156 0.764062 0.635156 0.767188 0.632031 0.768750 0.632031 0.771875 0.628906 0.782813 0.622656 0.787500 0.617969 0.789062 0.617969 0.798438 0.610156 0.803125 0.608594 0.814063 0.599219 0.815625 0.599219 0.828125 0.586719 0.829688 0.586719 0.835938 0.580469 0.837500 0.580469 0.867188 0.550781 0.873437 0.549219 0.878906 0.557813 0.880469 0.565625 0.882031 0.567187 0.882031 0.571875 0.883594 0.573438 0.883594 0.581250 0.885156 0.582812 0.885156 0.587500 0.888281 0.593750 0.888281 0.600000 0.889844 0.601562 0.889844 0.610938 0.878906 0.632812 0.875781 0.635938 0.855469 0.678125 0.852344 0.681250 0.836719 0.714063 0.830469 0.721875 0.830469 0.725000 0.825781 0.734375 0.822656 0.737500 0.822656 0.740625 
7 0.179688 0.585156 0.171875 0.583594 0.162500 0.577344 0.153125 0.574219 0.146094 0.567187 0.144531 0.548438 0.142969 0.546875 0.142969 0.543750 0.133594 0.532813 0.132031 0.525000 0.130469 0.523438 0.130469 0.510938 0.126562 0.505469 0.122656 0.504687 0.121094 0.500000 0.105469 0.482812 0.100781 0.473438 0.100781 0.456250 0.102344 0.454688 0.103906 0.443750 0.105469 0.442188 0.105469 0.426563 0.107031 0.425000 0.108594 0.415625 0.113281 0.409375 0.113281 0.403125 0.114844 0.401562 0.114844 0.378125 0.116406 0.376563 0.116406 0.371875 0.119531 0.365625 0.125000 0.360156 0.129688 0.360156 0.139063 0.355469 0.145313 0.355469 0.146875 0.353906 0.179688 0.355469 0.192188 0.360156 0.198437 0.366406 0.201563 0.366406 0.207813 0.369531 0.211719 0.373437 0.213281 0.379688 0.220312 0.385156 0.223438 0.385156 0.233594 0.395313 0.233594 0.398438 0.235156 0.400000 0.235156 0.414062 0.233594 0.415625 0.232031 0.423438 0.228906 0.426563 0.227344 0.432812 0.221094 0.440625 0.217969 0.448437 0.213281 0.454688 0.213281 0.459375 0.210156 0.467187 0.210156 0.473438 0.203906 0.481250 0.203906 0.489063 0.197656 0.498437 0.197656 0.503125 0.196094 0.504687 0.192969 0.517188 0.189844 0.520312 0.189844 0.534375 0.188281 0.535937 0.186719 0.565625 0.185156 0.567187 0.183594 0.581250 
7 0.007812 0.450781 0.000781 0.448437 0.000781 0.376563 0.067969 0.248438 0.075781 0.235937 0.082031 0.231250 0.076339 0.254911 0.086161 0.255804 0.125000 0.230804 0.170089 0.183036 0.210268 0.179464 0.200893 0.162054 0.126339 0.164732 0.092857 0.198214 0.121094 0.143750 0.130469 0.131250 0.169531 0.050000 0.178906 0.037500 0.196094 0.001563 0.204687 0.000781 0.205469 0.006250 0.219531 0.018750 0.221875 0.024219 0.226562 0.024219 0.231250 0.030469 0.239063 0.032031 0.246875 0.039844 0.251339 0.039732 0.261161 0.074107 0.265179 0.046429 0.278125 0.046094 0.292187 0.052344 0.288331 0.064655 0.276016 0.081589 0.270628 0.106989 0.270536 0.120982 0.269643 0.131696 0.272937 0.147014 0.292950 0.113916 0.310653 0.090825 0.329895 0.092365 0.337500 0.111161 0.358036 0.087054 0.379464 0.086607 0.394196 0.083482 0.408929 0.088839 0.377344 0.143750 0.367969 0.171875 0.358594 0.189062 0.351562 0.196094 0.323437 0.207031 0.310156 0.218750 0.304688 0.227344 0.289062 0.238281 0.270313 0.239844 0.263281 0.246875 0.266406 0.253125 0.260156 0.256250 0.257031 0.268750 0.234375 0.283594 0.189062 0.286719 0.181250 0.272656 0.171875 0.271094 0.166406 0.275000 0.162500 0.288281 0.150000 0.289844 0.143750 0.286719 0.139844 0.290625 0.135156 0.320312 0.128906 0.329688 0.117188 0.338281 0.102344 0.342187 0.100781 0.357812 0.104688 0.361719 0.109375 0.360156 0.111719 0.362500 0.102344 0.365625 0.102344 0.378125 0.094531 0.392188 0.078125 0.396094 0.070312 0.402344 0.054688 0.408594 0.042188 0.410156 0.033594 0.420312 0.032031 0.428125 0.024219 0.434375 0.024219 0.445312 0.018750 0.442969 
7 0.701562 0.624219 0.700781 0.623437 0.700781 0.603125 0.702344 0.601562 0.702344 0.587500 0.703906 0.585938 0.703906 0.548438 0.705469 0.546875 0.705469 0.542188 0.707031 0.540625 0.707031 0.537500 0.708594 0.535937 0.710156 0.525000 0.711719 0.523438 0.711719 0.515625 0.713281 0.514062 0.713281 0.507812 0.714844 0.506250 0.714844 0.495312 0.716406 0.493750 0.716406 0.487500 0.717969 0.485938 0.717969 0.473438 0.719531 0.471875 0.719531 0.464062 0.721094 0.462500 0.722656 0.457813 0.725000 0.455469 0.739062 0.455469 0.740625 0.457031 0.742188 0.457031 0.750000 0.464844 0.751563 0.464844 0.758594 0.471875 0.758594 0.473438 0.760156 0.475000 0.760156 0.484375 0.758594 0.485938 0.758594 0.514062 0.757031 0.515625 0.757031 0.523438 0.752344 0.531250 0.752344 0.534375 0.750781 0.535937 0.741406 0.556250 0.736719 0.560937 0.736719 0.562500 0.730469 0.573438 0.730469 0.576562 0.728906 0.578125 0.728906 0.581250 0.727344 0.582812 0.727344 0.585938 0.722656 0.592187 0.722656 0.593750 0.719531 0.598437 0.719531 0.601562 0.713281 0.609375 0.711719 0.614062 
