7 0.335938 0.642969 0.129688 0.632031 0.088281 0.614062 0.090625 0.580469 0.134375 0.578906 0.160938 0.571094 0.206250 0.571094 0.235937 0.561719 0.253906 0.545312 0.264844 0.521875 0.267969 0.473438 0.253906 0.435937 0.210938 0.403906 0.141406 0.373437 0.155469 0.348438 0.217188 0.297656 0.278125 0.266406 0.326562 0.250781 0.404687 0.235156 0.437500 0.235156 0.453125 0.221094 0.498437 0.202344 0.545156 0.189219 0.585938 0.188281 0.684545 0.199770 0.770312 0.221094 0.834375 0.250781 0.870313 0.280469 0.907813 0.289844 0.917969 0.300000 0.871094 0.389062 0.864844 0.418750 0.861775 0.447952 0.872440 0.473016 0.896438 0.497547 0.917969 0.512500 0.914844 0.523438 0.896875 0.536719 0.818750 0.571094 0.765625 0.588281 0.671875 0.599219 0.592187 0.619531 0.551562 0.619531 0.500000 0.605469 0.490625 0.617969 0.454688 0.633594 
7 0.932813 0.653906 0.910937 0.653906 0.904687 0.650781 0.890625 0.649219 0.882812 0.646094 0.856250 0.642969 0.804688 0.614844 0.770312 0.608594 0.715625 0.614844 0.695312 0.610156 0.682031 0.603125 0.684375 0.599219 0.753125 0.592969 0.757812 0.589844 0.768750 0.588281 0.779687 0.583594 0.785937 0.583594 0.820312 0.571094 0.867188 0.549219 0.893750 0.541406 0.907813 0.553906 0.929688 0.563281 0.949219 0.582812 0.961719 0.600000 0.973437 0.608594 0.985156 0.623437 0.998437 0.637500 0.998437 0.642969 0.979688 0.644531 
7 0.215625 0.299219 0.208594 0.298438 0.205469 0.281250 0.211719 0.265625 0.219531 0.254688 0.251563 0.227344 0.285938 0.211719 0.301563 0.208594 0.320312 0.200781 0.332813 0.199219 0.367188 0.182031 0.400000 0.178906 0.432812 0.182031 0.462500 0.171094 0.489063 0.167969 0.495312 0.164844 0.507812 0.164844 0.528125 0.158594 0.571875 0.150781 0.578906 0.157812 0.580469 0.162500 0.578906 0.178125 0.577344 0.182812 0.570312 0.188281 0.550000 0.189844 0.528281 0.194844 0.495312 0.202344 0.454688 0.219531 0.440625 0.232031 0.435937 0.233594 0.409375 0.233594 0.392188 0.236719 0.373437 0.242969 0.335938 0.247656 0.306250 0.258594 0.289062 0.261719 0.228125 0.289844 
0 0.254688 0.319531 0.248438 0.319531 0.244531 0.315625 0.244531 0.306250 0.246875 0.303906 0.251563 0.303906 0.253125 0.305469 0.254688 0.305469 0.257031 0.307812 0.257031 0.317188 
0 0.845313 0.336719 0.839063 0.336719 0.836719 0.334375 0.836719 0.332813 0.835156 0.331250 0.835156 0.325000 0.839063 0.321094 0.840625 0.321094 0.842187 0.319531 0.845313 0.319531 0.846875 0.321094 0.848437 0.321094 0.849219 0.321875 0.849219 0.323437 0.850781 0.325000 0.850781 0.329688 0.849219 0.331250 0.849219 0.332813 
0 0.659375 0.361719 0.653125 0.361719 0.650781 0.359375 0.650781 0.354687 0.653125 0.352344 0.659375 0.352344 0.661719 0.354687 0.661719 0.359375 
0 0.801562 0.339844 0.793750 0.339844 0.789844 0.335938 0.789844 0.331250 0.793750 0.327344 0.801562 0.327344 0.803906 0.329688 0.803906 0.337500 
0 0.671875 0.419531 0.670312 0.419531 0.668750 0.417969 0.667188 0.417969 0.666406 0.417187 0.666406 0.410938 0.667188 0.410156 0.668750 0.410156 0.670312 0.408594 0.671875 0.408594 0.675781 0.412500 0.675781 0.415625 
0 0.532813 0.278906 0.528125 0.278906 0.527344 0.278125 0.527344 0.271875 0.528125 0.271094 0.532813 0.271094 0.533594 0.271875 0.533594 0.278125 
0 0.625000 0.232031 0.618750 0.232031 0.617969 0.231250 0.617969 0.226562 0.620313 0.224219 0.625000 0.224219 0.625781 0.225000 0.625781 0.231250 
0 0.554688 0.199219 0.551562 0.199219 0.549219 0.196875 0.549219 0.195312 0.547656 0.193750 0.551562 0.189844 0.556250 0.189844 0.558594 0.192188 0.558594 0.195312 
0 0.572345 0.204839 0.572744 0.214804 0.579520 0.212811 0.578324 0.205238 
0 0.693120 0.241510 0.694715 0.247887 0.699099 0.246692 
0 0.712812 0.260156 0.710000 0.264844 0.717344 0.265625 0.716875 0.261250 
