7 0.406250 0.713281 0.398438 0.711719 0.391406 0.703125 0.332031 0.600000 0.288281 0.506250 0.275562 0.477659 0.271094 0.459375 0.260156 0.437500 0.250781 0.403125 0.246094 0.354687 0.261719 0.285938 0.321094 0.157812 0.373437 0.096094 0.390625 0.091406 0.439063 0.108594 0.470313 0.110156 0.481250 0.117969 0.515625 0.127344 0.545312 0.125781 0.575000 0.110156 0.592969 0.092188 0.620313 0.022656 0.675000 0.021094 0.737500 0.055469 0.750781 0.067187 0.758594 0.081250 0.769531 0.146875 0.769531 0.203125 0.758594 0.273438 0.744531 0.298438 0.711719 0.389062 0.663281 0.490625 0.617969 0.560937 0.601562 0.577344 0.559375 0.580469 0.500000 0.596094 0.454688 0.619531 0.439844 0.635938 0.424219 0.673438 0.421094 0.693750 
0 0.542188 0.275781 0.535937 0.275781 0.534375 0.274219 0.532813 0.274219 0.530469 0.271875 0.530469 0.268750 0.528906 0.267188 0.530469 0.265625 0.530469 0.262500 0.531250 0.261719 0.532813 0.261719 0.534375 0.260156 0.542188 0.260156 0.543750 0.261719 0.545312 0.261719 0.547656 0.264062 0.547656 0.270313 
0 0.679688 0.183594 0.671875 0.183594 0.670312 0.182031 0.668750 0.182031 0.667969 0.181250 0.667969 0.175000 0.668750 0.174219 0.670312 0.174219 0.671875 0.172656 0.673438 0.172656 0.675000 0.171094 0.676562 0.172656 0.679688 0.172656 0.682031 0.175000 0.682031 0.181250 
0 0.693750 0.417969 0.690625 0.417969 0.689063 0.416406 0.687500 0.416406 0.685156 0.414062 0.685156 0.407813 0.690625 0.402344 0.693750 0.402344 0.699219 0.407813 0.699219 0.409375 0.697656 0.410938 0.697656 0.412500 0.696094 0.414062 0.696094 0.415625 
0 0.390625 0.552344 0.385937 0.552344 0.384375 0.550781 0.382812 0.550781 0.378906 0.546875 0.378906 0.539062 0.382812 0.535156 0.385937 0.535156 0.387500 0.533594 0.392188 0.533594 0.396094 0.537500 0.396094 0.539062 0.397656 0.540625 0.397656 0.546875 0.393750 0.550781 0.392188 0.550781 
0 0.329688 0.525781 0.320312 0.525781 0.316406 0.521875 0.316406 0.520312 0.313281 0.517188 0.313281 0.512500 0.314844 0.510938 0.314844 0.509375 0.318750 0.505469 0.320312 0.505469 0.321875 0.503906 0.329688 0.503906 0.331250 0.505469 0.334375 0.505469 0.335156 0.506250 0.335156 0.507812 0.338281 0.510938 0.338281 0.518750 0.332813 0.524219 0.331250 0.524219 
0 0.290625 0.491406 0.282813 0.491406 0.280469 0.489063 0.280469 0.487500 0.278906 0.485938 0.278906 0.484375 0.275781 0.481250 0.275781 0.479687 0.274219 0.478125 0.274219 0.475000 0.271094 0.471875 0.271094 0.467187 0.269531 0.465625 0.269531 0.460938 0.271875 0.458594 0.276562 0.463281 0.278125 0.463281 0.279687 0.464844 0.282813 0.464844 0.284375 0.466406 0.287500 0.466406 0.292969 0.471875 0.292969 0.473438 0.294531 0.475000 0.294531 0.476562 0.296094 0.478125 0.296094 0.482812 0.294531 0.484375 0.294531 0.487500 
0 0.264062 0.392969 0.260937 0.392969 0.257031 0.389062 0.257031 0.384375 0.260937 0.380469 0.265625 0.380469 0.269531 0.384375 0.269531 0.389062 0.267188 0.391406 0.265625 0.391406 
0 0.318051 0.206277 0.317366 0.212445 0.324904 0.221354 0.329701 0.211760 
0 0.631922 0.516721 0.625069 0.522889 0.628495 0.529057 0.637404 0.524945 
