7 0.362500 0.583594 0.254688 0.564844 0.201563 0.549219 0.135937 0.508594 0.103906 0.478125 0.103906 0.471875 0.131250 0.447656 0.162500 0.436719 0.178906 0.420312 0.192969 0.403125 0.205469 0.371875 0.208594 0.326562 0.177344 0.257812 0.182812 0.249219 0.279687 0.207031 0.340625 0.186719 0.428125 0.174219 0.489063 0.180469 0.546875 0.196094 0.631250 0.233594 0.692187 0.274219 0.783594 0.359375 0.786719 0.367188 0.782813 0.371094 0.751563 0.375781 0.668750 0.416406 0.512500 0.549219 0.490625 0.561719 0.465625 0.572656 
7 0.137500 0.227344 0.120313 0.219531 0.115625 0.219531 0.110937 0.216406 0.104688 0.214844 0.103906 0.206250 0.105469 0.204687 0.105469 0.198437 0.108594 0.190625 0.110156 0.178125 0.113281 0.171875 0.116406 0.154688 0.119531 0.148438 0.119531 0.143750 0.121094 0.142187 0.121094 0.137500 0.124219 0.129688 0.125781 0.117188 0.130469 0.106250 0.130469 0.100000 0.132031 0.098437 0.132031 0.093750 0.135156 0.087500 0.135156 0.082812 0.136719 0.081250 0.136719 0.076563 0.139844 0.068750 0.141406 0.056250 0.146094 0.045312 0.146094 0.039062 0.147656 0.037500 0.149219 0.028125 0.150781 0.026562 0.150781 0.021875 0.153906 0.015625 0.155469 0.004687 0.157812 0.000781 0.240625 0.000781 0.247656 0.010937 0.250781 0.021875 0.255469 0.029687 0.255469 0.034375 0.258594 0.039062 0.258594 0.045312 0.260156 0.046875 0.260156 0.054688 0.261719 0.056250 0.261719 0.065625 0.263097 0.070466 0.263480 0.074295 0.263097 0.084252 0.261719 0.096875 0.258594 0.103125 0.257031 0.112500 0.246094 0.132812 0.217188 0.163281 0.209375 0.166406 0.204687 0.171094 0.200000 0.172656 0.195312 0.177344 0.182812 0.185156 0.170313 0.197656 0.167969 0.198437 0.164062 0.203906 0.159375 0.205469 0.158594 0.207813 
0 0.532813 0.346094 0.525000 0.346094 0.523438 0.344531 0.521875 0.344531 0.519531 0.342187 0.519531 0.339062 0.517969 0.337500 0.517969 0.325000 0.519531 0.323437 0.519531 0.321875 0.525000 0.316406 0.528125 0.316406 0.529687 0.314844 0.534375 0.314844 0.535937 0.316406 0.539062 0.316406 0.540625 0.317969 0.542188 0.317969 0.544531 0.320312 0.544531 0.321875 0.546094 0.323437 0.546094 0.335938 0.544531 0.337500 0.544531 0.339062 0.539062 0.344531 0.534375 0.344531 
0 0.650000 0.402344 0.640625 0.402344 0.639062 0.400781 0.637500 0.400781 0.635938 0.399219 0.634375 0.399219 0.633594 0.398438 0.633594 0.396875 0.630469 0.393750 0.630469 0.385937 0.632812 0.383594 0.634375 0.383594 0.635938 0.382031 0.643750 0.382031 0.645312 0.383594 0.648438 0.383594 0.650000 0.385156 0.651563 0.385156 0.655469 0.389062 0.655469 0.396875 
0 0.431250 0.449219 0.426563 0.449219 0.425000 0.447656 0.421875 0.447656 0.420312 0.446094 0.418750 0.446094 0.416406 0.443750 0.416406 0.442188 0.414844 0.440625 0.414844 0.432812 0.420312 0.427344 0.429688 0.427344 0.431250 0.428906 0.432812 0.428906 0.434375 0.430469 0.435937 0.430469 0.439844 0.434375 0.439844 0.437500 0.441406 0.439063 0.441406 0.440625 0.439844 0.442188 0.439844 0.443750 0.437500 0.446094 0.435937 0.446094 0.434375 0.447656 0.432812 0.447656 
0 0.407813 0.427344 0.403125 0.427344 0.401562 0.425781 0.398438 0.425781 0.394531 0.421875 0.394531 0.420312 0.392969 0.418750 0.392969 0.414062 0.394531 0.412500 0.394531 0.410938 0.396094 0.409375 0.396094 0.407813 0.398438 0.405469 0.401562 0.405469 0.403125 0.407031 0.406250 0.407031 0.407813 0.408594 0.409375 0.408594 0.410938 0.410156 0.412500 0.410156 0.414844 0.412500 0.414844 0.414062 0.417969 0.417187 0.417969 0.420312 0.412500 0.425781 0.409375 0.425781 
0 0.553125 0.425781 0.545312 0.425781 0.541406 0.421875 0.541406 0.415625 0.543750 0.413281 0.550000 0.413281 0.551562 0.414844 0.553125 0.414844 0.555469 0.417187 0.555469 0.423438 
0 0.540625 0.472656 0.534375 0.472656 0.530469 0.468750 0.530469 0.464062 0.531250 0.463281 0.534375 0.463281 0.535937 0.461719 0.537500 0.461719 0.539062 0.463281 0.540625 0.463281 0.542969 0.465625 0.542969 0.470313 
0 0.523438 0.510156 0.520312 0.510156 0.518750 0.508594 0.515625 0.508594 0.511719 0.504687 0.511719 0.498437 0.512500 0.497656 0.514062 0.497656 0.515625 0.496094 0.521875 0.496094 0.527344 0.501563 0.527344 0.506250 
0 0.306250 0.525781 0.300000 0.525781 0.297656 0.523438 0.297656 0.520312 0.296094 0.518750 0.297656 0.517188 0.297656 0.515625 0.300000 0.513281 0.301563 0.513281 0.303125 0.511719 0.304688 0.511719 0.306250 0.513281 0.307812 0.513281 0.310156 0.515625 0.310156 0.517188 0.311719 0.518750 0.310156 0.520312 0.310156 0.523438 0.309375 0.524219 0.307812 0.524219 
0 0.379688 0.219531 0.371875 0.219531 0.369531 0.217188 0.369531 0.210938 0.373437 0.207031 0.378125 0.207031 0.379688 0.208594 0.381250 0.208594 0.382031 0.209375 0.382031 0.210938 0.383594 0.212500 0.383594 0.214062 0.382031 0.215625 0.382031 0.217188 
0 0.260381 0.066971 0.256795 0.067020 0.250808 0.073904 0.253105 0.079225 0.255020 0.084204 0.261913 0.081906 0.262296 0.075013 
